2015 06 12 20 24 21.25 37398912 33.49650 -116.76367 8.2 1.37
2015 06 28 06 50 16.72 37192791 33.51417 -116.75550 10.1 0.31
2015 07 23 00 05 51.17 37211735 33.51233 -116.75500 10.2 0.68
2015 07 24 01 41 30.70 37212407 33.51250 -116.75483 9.3 0.41
2015 07 27 16 35 19.08 37214503 33.51533 -116.75350 9.9 0.79
2015 08 20 23 15 15.36 37230359 33.50033 -116.75350 10.2 0.67
2015 09 15 07 45 17.76 37242871 33.51033 -116.75567 9.8 0.26
2015 10 14 04 01 27.17 37475400 33.50100 -116.75900 9.8 0.64
2015 10 16 02 05 53.31 37476480 33.48450 -116.75250 9.7 0.06
2015 12 16 19 19 08.33 37285247 33.48583 -116.75117 10.3 0.40
2015 12 17 03 24 24.11 37285495 33.50950 -116.75167 0.6 0.37
2015 12 19 14 00 11.12 37286663 33.50550 -116.75500 12.4 0.89
2016 01 24 01 10 35.57 37299127 33.49733 -116.78850 6.0 0.98
2016 02 14 21 44 12.51 37523816 33.49783 -116.79583 6.4 0.49
2016 02 21 10 17 24.23 37526992 33.49800 -116.78850 5.9 0.27
2016 02 21 19 17 43.00 37527144 33.49517 -116.79300 3.2 0.88
2016 02 24 09 06 08.87 37528200 33.49450 -116.78967 6.2 0.60
2016 02 25 09 46 21.51 37311431 33.50033 -116.78833 6.7 0.62
2016 02 27 07 27 14.39 37312159 33.49300 -116.79267 5.3 0.98
2016 03 01 04 21 43.52 37312951 33.49517 -116.78883 4.2 0.62
